pose_object_00,pose_object_01,pose_object_02,pose_object_03,pose_object_10,pose_object_11,pose_object_12,pose_object_13,pose_object_20,pose_object_21,pose_object_22,pose_object_23,pose_object_30,pose_object_31,pose_object_32,pose_object_33,radius_x,radius_y,radius_z,label
0.935727388203029,-0.08756627387903501,-0.34168172711703443,-0.3070517246066331,0.0,0.9686941612811428,-0.24825716887901364,-0.22309589831870466,0.35272404931722157,0.23230103223783774,0.9064336575031277,0.814565122127533,0.0,0.0,0.0,1.0,0.1946309506491798,0.17901846092210347,0.1,tv
0.9134580954714818,0.022135799785357853,-0.40633030183026675,-0.44910630702438736,0.0,0.9985194036899048,0.054396695255840344,0.060123251479498034,0.40693280503986545,-0.04968910164834251,0.9121056327859002,1.0081266164779663,0.0,0.0,0.0,1.0,0.06922943042720886,0.03246355703319925,0.1,mouse
0.9128479689046091,0.004113594180750807,-0.4082789046836072,-0.4501782007650362,0.01621061725543667,0.9987956798387246,0.04630772963229738,0.05651935213902763,0.4079776973744125,-0.048890369996721306,0.9116819237906696,1.0060867505461677,0.0,0.0,0.0,1.0,0.06836381682773479,0.032106924167570404,0.1,mouse
0.9366826560939975,-0.1045222622209095,-0.3342165442836689,-0.29907669826048117,0.01739646706442829,0.9671261086805127,-0.25370150342906034,-0.2249435124689512,0.34974700099696415,0.23182361098195475,0.9077085703489401,0.8149839222167589,0.0,0.0,0.0,1.0,0.1898026907078026,0.18374999578518614,0.1,tv
0.9366611576476735,-0.11781237242168606,-0.32982741041110264,-0.29973059295143456,0.031033208712122392,0.9659400707841508,-0.2568982670446407,-0.22876595359823354,0.3488593064706026,0.23039102534144773,0.908414640861191,0.8278549040121863,0.0,0.0,0.0,1.0,0.18866364522562218,0.19133374445075219,0.1,tv
0.9120926415679186,-0.008153610551607939,-0.40990307614438437,-0.4537407162888563,0.028560651696525784,0.9986369356562834,0.04368706808310275,0.05909634674502531,0.408988144537621,-0.051553752317368945,0.9110822730410648,1.0072226542327658,0.0,0.0,0.0,1.0,0.06915023503856199,0.031863534378853316,0.1,mouse
0.9378515905992522,-0.13523728156546938,-0.31960173917742485,-0.29158507139545825,0.04809183182090628,0.9627062968115341,-0.26624004543181,-0.23558577080493517,0.3436881867660895,0.2343234169992503,0.909379440345576,0.8325456576950097,0.0,0.0,0.0,1.0,0.18210201239771134,0.1961393165470701,0.1,tv
0.9131225916244812,-0.025510070029829156,-0.4068861867796254,-0.4500700039879352,0.0433660243759949,0.9984556997551021,0.034721802320303315,0.05612830626833591,0.40537207673298314,-0.049350298414729134,0.9128187265013605,1.0057614815905687,0.0,0.0,0.0,1.0,0.06957627229051189,0.03158544850431334,0.1,mouse
0.9130010892805114,-0.037634240981043204,-0.4062175216289671,-0.45121413206128125,0.054989298477171565,0.9980014987335432,0.031131745511458427,0.05785155678636722,0.40423407578479587,-0.05076093410667738,0.9132459359575763,1.007384633963642,0.0,0.0,0.0,1.0,0.06903728212506832,0.032150245534360564,0.1,mouse
0.9388534518850944,-0.14612872601911014,-0.3117700936835904,-0.29539128801703973,0.061829402077824586,0.9623058280625199,-0.26484829301999824,-0.24122306552428727,0.3387201218146651,0.22937717564949656,0.9124992002017966,0.8674764038408711,0.0,0.0,0.0,1.0,0.18503681008751321,0.20665398027344084,0.1,tv
0.9131207511682555,-0.04252771683557683,-0.4054650257256152,-0.45161158860836714,0.0590071649313305,0.9978584746137834,0.028224442035586036,0.06014531395065544,0.40339639100106933,-0.04969766535971675,0.9136747199004173,1.0046373270395181,0.0,0.0,0.0,1.0,0.06825748334648096,0.03166445424362117,0.1,mouse
0.9390328813064298,-0.15147014735815303,-0.3086649353014428,-0.3087666207147016,0.06814746445669233,0.961915292231429,-0.26471662898172477,-0.25177647648520673,0.33700618824209794,0.22754288613495186,0.9135923949201349,0.9128162686752914,0.0,0.0,0.0,1.0,0.191469347616196,0.21838094080030554,0.1,tv
0.9118558707471609,0.020523811108944787,-0.40999712701615526,-0.38095220344940195,0.05859261031130986,0.9820167700200032,0.17947136099218505,0.20169166636751695,0.4063074907023546,-0.18767481604372113,0.8942552132484951,0.8166582540784618,0.0,0.0,0.0,1.0,0.09251393041340666,0.12044663517904945,0.1,keyboard
0.9147899355442756,-0.048589080305255584,-0.4009968517357583,-0.4497009805997392,0.060861859141324325,0.997985379874873,0.017916909830304716,0.055842377800768506,0.3993184292375721,-0.04079562269527329,0.9159042030912092,1.0022935576839824,0.0,0.0,0.0,1.0,0.06879720364706343,0.03172340143991005,0.1,mouse
0.9398669688360691,-0.1578444544034829,-0.30287820836924906,-0.3235283255529671,0.07280614657740664,0.9590098272502201,-0.27386021298840046,-0.2744256918037443,0.33369049418802543,0.2353407730325744,0.9128337059053974,0.9637857863600496,0.0,0.0,0.0,1.0,0.20247194510459304,0.23765317238435107,0.1,tv
0.94072225345937,-0.154390286251026,-0.3020021214456131,-0.3427571811692477,0.07305413402854825,0.9617258101824887,-0.26409573932605274,-0.2756329329252662,0.33121705171633825,0.22637823557082895,0.9159957200293978,1.0169459167474595,0.0,0.0,0.0,1.0,0.2134287816961904,0.24439811193941188,0.1,tv
0.9162369612897644,-0.0472629085974136,-0.397839224106185,-0.45054380492668145,0.0594540336817373,0.9980622638144656,0.018355800949969664,0.062287288540688504,0.3962007681030788,-0.04047140991436533,0.9172715063349967,1.0023791379172207,0.0,0.0,0.0,1.0,0.06859195215648495,0.03226370395509218,0.1,mouse
0.9193725529183755,-0.04114721588184991,-0.3912301312086293,-0.44943959671808587,0.04798242572323128,0.9988184481027255,0.007706786060193431,0.05782671292973123,0.3904507597150549,-0.02585757828636387,0.9202606097639412,1.00085614694994,0.0,0.0,0.0,1.0,0.0685667033969466,0.03155281013547942,0.1,mouse
0.9415889697284161,-0.14911842964061803,-0.30195017143114206,-0.35696773788913666,0.06296855079299539,0.9587669883606783,-0.27712961523594853,-0.2946762481172574,0.33082498952892,0.24192882418453363,0.9121541921911442,1.0334587596255964,0.0,0.0,0.0,1.0,0.2220951229538221,0.25386634794341645,0.1,tv
0.942622121336531,-0.13173064745324392,-0.30677446583535506,-0.3624742277951447,0.04653469938061129,0.9617382222476676,-0.26998909907892993,-0.2755099081986013,0.33060256823045764,0.24022203976622392,0.9126857693039705,1.009136280568192,0.0,0.0,0.0,1.0,0.22895462844720454,0.2368801911330638,0.1,tv
0.922908455161771,-0.027748677331266926,-0.38401822130893565,-0.4493155747624874,0.03191292751842297,0.9994806352721771,0.0044749048179084415,0.0608382819606865,0.38369460310006615,-0.01638507315487762,0.9233146705915551,1.0033043037224936,0.0,0.0,0.0,1.0,0.06835470935530308,0.03186047128440295,0.1,mouse
0.9271175637567625,-0.014295206926338256,-0.37449789055835614,-0.4486242831559687,0.014811902461267895,0.9998891746298185,-0.0014986672672803263,0.06063882162838673,0.3744778104497023,-0.004157585481178009,0.9272265548202141,1.0104505401523598,0.0,0.0,0.0,1.0,0.06713186449257252,0.030766481498907927,0.1,mouse
0.9439341426647376,-0.11438163319324478,-0.30968560880323875,-0.37903548872298465,0.02834796933028513,0.9626789141828889,-0.2691573904289145,-0.27483055601249173,0.32891446752405984,0.2452878924360106,0.9119479825503559,1.0201043293917254,0.0,0.0,0.0,1.0,0.24645790585761568,0.23735628379645918,0.1,tv
0.9431929881989493,-0.08788044891566679,-0.32041225586846345,-0.40761542714355026,-0.005106698447534821,0.9604359284195313,-0.2784542135286855,-0.2834403289887915,0.33220612372938396,0.26427231050432376,0.9054276543476035,1.016145216677594,0.0,0.0,0.0,1.0,0.25964638999510603,0.23717509778848098,0.1,tv
0.929711037397817,0.010823606467260079,-0.3681307328704259,-0.4521603735262242,-0.016707693058741348,0.9997784804157027,-0.012800120715187428,0.05606416743321952,0.36791064123415884,0.01805102879922277,0.9296859256899395,1.0058375117552252,0.0,0.0,0.0,1.0,0.06780286507271588,0.03118109257320348,0.1,mouse
0.9335259140376694,0.033452606314728545,-0.3569457815283517,-0.44929777390846254,-0.04181092813919046,0.9990018136578612,-0.015723313786968156,0.05948357776477625,0.3560634972982676,0.02960235529574963,0.9339927657389381,1.009539848564899,0.0,0.0,0.0,1.0,0.06803707816941085,0.03170785956767219,0.1,mouse
0.9445024115470674,-0.062929306094043,-0.32242068329481693,-0.4271397097706516,-0.03195915487074067,0.9592222840995802,-0.2808402074253836,-0.2881724372669485,0.32694618364758815,0.2755585457236025,0.9039765931023717,1.0304336148830586,0.0,0.0,0.0,1.0,0.2770636836855692,0.23435752497812576,0.1,tv
0.9365263315766469,0.05358810965031348,-0.34647762520499714,-0.4482921294372758,-0.06629076016137596,0.9974894547909774,-0.02490627828531417,0.054260512753810074,0.3442730970912706,0.04629365058951995,0.9377275364061141,1.0156025335827692,0.0,0.0,0.0,1.0,0.06837119444062323,0.03081503637205013,0.1,mouse
0.9500977461026713,-0.03855356111304701,-0.30956081111168854,-0.4246903621891681,-0.053158999669764694,0.9578100862814772,-0.2824428426630405,-0.290231880001651,0.30738964459580276,0.2848042512726445,0.9079637354279599,1.0450615153024558,0.0,0.0,0.0,1.0,0.272549557089481,0.23482530741702162,0.1,tv
0.9376506172128444,0.08161144407308354,-0.33786223854801817,-0.45027888765503593,-0.09831426616639058,0.9946215379016896,-0.03259296565582554,0.052756348610654084,0.333385100309741,0.06377749241216427,0.9406310681415324,1.009947321850072,0.0,0.0,0.0,1.0,0.06612697042126703,0.03053939541389511,0.1,mouse
0.9533784751639636,-0.009066510998260262,-0.3016409810890325,-0.42358754248263125,-0.08225040497976034,0.953899574097783,-0.28863553734204894,-0.2886705172403711,0.290352120665066,0.299989001322359,0.9086815972115384,1.0269506286638124,0.0,0.0,0.0,1.0,0.2607431476261568,0.23030616758373273,0.1,tv
0.9552786554203835,0.014062578957999611,-0.29537253489665277,-0.4316712461997062,-0.10354531037313339,0.9515369730721047,-0.2895785861843177,-0.291294248469724,0.27698566605143266,0.30721268325026374,0.9104390743219546,1.0415011818671394,0.0,0.0,0.0,1.0,0.2720173340931217,0.23165028333479584,0.1,tv
0.9432586246499204,0.11671495834755437,-0.31087101106643783,-0.4379441750321689,-0.1370908216063452,0.989561051333097,-0.044441335666617184,0.048127075610889476,0.30243887589864815,0.08453723547919197,0.9494125458212029,1.0120466210163754,0.0,0.0,0.0,1.0,0.06897951797105845,0.03004663261652106,0.1,mouse
0.9584083112075237,0.03321220817694712,-0.2834615639488949,-0.428314290571687,-0.1204239886884417,0.9475206713178906,-0.2961463158198318,-0.29857335969781196,0.2587500182738319,0.3179646625858047,0.9121112330138177,1.0458297153328284,0.0,0.0,0.0,1.0,0.27282383128539106,0.23103703944767684,0.1,tv
0.9424239208811116,0.13664285172412238,-0.30523087069261495,-0.44579556460537195,-0.15806943546138302,0.986332517955415,-0.046499651575582744,0.05123376365523727,0.2947052882525049,0.0920700553732343,0.9511424172959471,1.0081910145984936,0.0,0.0,0.0,1.0,0.06764542242572105,0.03076586114073178,0.1,mouse
0.9418248972084697,0.16166155624803916,-0.29467168888394685,-0.44272740885329115,-0.1831078117850263,0.9819920384053339,-0.04650984596659815,0.05467715696335686,0.28184639834767256,0.09776081904321063,0.9544660444449795,1.0052098569619756,0.0,0.0,0.0,1.0,0.06442813862601171,0.031226317229839512,0.1,mouse
0.94055812865751,0.18968586013313604,-0.28172625202816165,-0.43695429169509203,-0.211367539846915,0.9762084468366751,-0.04838213951231639,0.05525235293512391,0.2658461391770543,0.10505399940163536,0.9582742235364444,1.0018510656746342,0.0,0.0,0.0,1.0,0.06459027606424134,0.03097919199141773,0.1,mouse
0.9649432661345477,0.11216641484571704,-0.2372829292685208,-0.4053143711326373,-0.1827104550335351,0.9361167085147901,-0.30050357345774426,-0.2980861734601839,0.18841810625051372,0.3333229716357603,0.9237934908933253,1.0554027593672475,0.0,0.0,0.0,1.0,0.2401136794772671,0.22964355886312157,0.1,tv
0.934753482578483,0.2250545645898233,-0.27492975423675564,-0.4421496489254523,-0.24789396578757053,0.9674497081378324,-0.050888544390008804,0.05625486201198286,0.2545280112944519,0.11572167118266193,0.9601166524361419,0.9940921813387555,0.0,0.0,0.0,1.0,0.06493164888432086,0.03142509060049256,0.1,mouse
0.9615346533625763,0.14794373764216798,-0.23143846023376433,-0.40927338225442567,-0.21583157388969149,0.9280888952288678,-0.3034266538476115,-0.29481354301925633,0.16990539160135262,0.3417069695591897,0.9243205639059785,1.038383591766086,0.0,0.0,0.0,1.0,0.23520525000355583,0.22507717726295814,0.1,tv
0.9832658904423139,0.1144114076583918,0.14176818574810368,0.1368451253850966,-0.07616151431390976,0.9650853384389695,-0.2506186610521091,-0.283626841850001,-0.16549203131902052,0.2356275012127513,0.9576492407150643,1.3178792183808754,0.0,0.0,0.0,1.0,0.24445270883981474,0.1421508095156359,0.1,book
0.9298011113568765,0.2553464028090363,-0.2650813231670662,-0.442400769161293,-0.2800152397768778,0.9581682778099404,-0.059203183119071606,0.047789870416472716,0.23887519505426846,0.1292739957269755,0.9624068137833227,0.9969377855153494,0.0,0.0,0.0,1.0,0.06421449377295105,0.03181192300086947,0.1,mouse
0.9059734355245117,0.32404333861394563,-0.27241154311783694,-0.38276594587269297,-0.3014179167284321,0.9456046229051529,0.12238928309086372,0.2487958175661949,0.2972530464082837,-0.028771719453855975,0.9543651369159832,0.7449291078020019,0.0,0.0,0.0,1.0,0.31461274236871484,0.17572053213579453,0.1,keyboard
0.6762455948107547,0.42649714923098736,-0.6006597016588422,-0.7406085880448777,-0.4006035996684824,0.8971698707439099,0.18601875970452628,0.3206653539960194,0.6182302576158034,0.11483207185798266,0.7775634661177828,0.5917994865047529,0.0,0.0,0.0,1.0,0.060811229076494944,0.06016975520566914,0.1,cup
0.959427917796472,0.1809637792496307,-0.21621790201650087,-0.4023910292435208,-0.24304825019774082,0.9195182826526742,-0.3088910421868742,-0.303244873738774,0.14291822357048317,0.34891007217787195,0.926194441197036,1.0467073150456425,0.0,0.0,0.0,1.0,0.23137214285517976,0.2246017440582748,0.1,tv
0.9238638232966803,0.2876878161753427,-0.25241108618264474,-0.43688924591306305,-0.3123742176720551,0.9478679824616143,-0.06299711071089095,0.045390358313051896,0.2211288858051156,0.13704746713606528,0.9655671947690524,0.9932595269657434,0.0,0.0,0.0,1.0,0.0648288117757397,0.0324098299227973,0.1,mouse
0.9558547350636174,0.2150873057605078,-0.20019784303819976,-0.3924222164804807,-0.2707176348732108,0.9095323297939514,-0.31537739809352533,-0.3107003877047677,0.1142527357445621,0.35565206587375936,0.9276087108337279,1.0469695826160583,0.0,0.0,0.0,1.0,0.23164850570646622,0.22175099006250226,0.1,tv
0.6703565473746566,0.44879976687905476,-0.590932203083599,-0.7428430785620475,-0.4301612051302158,0.8839361711160065,0.18335261927143107,0.3202785538471984,0.6046349617685453,0.1312844798217979,0.7856086483517539,0.5977266761833804,0.0,0.0,0.0,1.0,0.05804931391742563,0.061587796547166784,0.1,cup
0.9102207274897005,0.3336350801726213,-0.24532806713934902,-0.44329540625037306,-0.3582462540811648,0.9315453844824827,-0.06231226272730658,0.04929440861122543,0.20774467185690687,0.14460577418482262,0.9674354352552288,0.9876872577285254,0.0,0.0,0.0,1.0,0.06432401353306086,0.03274048106769791,0.1,mouse
0.9447332217011338,0.2617126455192682,-0.19744779307326318,-0.3978926475133425,-0.31376735964158153,0.8963640562563269,-0.31317969709937304,-0.29393345345528865,0.09502201764721002,0.3578239369117311,0.92894178845353,1.0113872442548646,0.0,0.0,0.0,1.0,0.22380796829704322,0.21125768081533888,0.1,tv
0.8838622716597189,0.3989392749319611,-0.24420266102825855,-0.38230975408218976,-0.3812309264792383,0.9169081209948541,0.11807827213110662,0.2496993326627065,0.27101746333456633,-0.011267323126955992,0.9625084841170232,0.7466922213100238,0.0,0.0,0.0,1.0,0.3178021909290672,0.17478647685689153,0.1,keyboard
0.6513844013189626,0.48202590229674674,-0.5859602300782399,-0.7615566513083627,-0.47113760101360064,0.8623086319207656,0.1856156896010865,0.3280247365545747,0.5947501346191407,0.15516073224222932,0.788794919190387,0.6065187065495563,0.0,0.0,0.0,1.0,0.058519421145372674,0.06256854794829192,0.1,cup
0.9019165579537518,0.36278289916027595,-0.23438235975798485,-0.44150575638411943,-0.3864371234962006,0.9201781959821506,-0.06275696951747169,0.05054132499233045,0.1929063816280805,0.14717559483793388,0.9701167312294235,0.9894773662911299,0.0,0.0,0.0,1.0,0.06228870423553766,0.03252589946985403,0.1,mouse
0.6470165891063595,0.5006262481365563,-0.5751025066002474,-0.7604633340665137,-0.494084894800354,0.8497541736253533,0.1838422180469337,0.3275821970059668,0.5807319951159016,0.16520049661852848,0.7971569141428156,0.6110864950324134,0.0,0.0,0.0,1.0,0.05769544333974741,0.06368445521835889,0.1,cup
0.8748889924499238,0.4260609089804643,-0.23030708353999396,-0.3792933236066328,-0.40972647278856933,0.9046581567707637,0.11712316971616778,0.2502795155336033,0.2582507858384848,-0.008106862948455357,0.9660438967184359,0.7450799421436359,0.0,0.0,0.0,1.0,0.3198776529158795,0.1759443884913755,0.1,keyboard
0.9384565025865412,0.2932288723222283,-0.18252731628354016,-0.3917868406730805,-0.33816320349403894,0.8876165056652975,-0.3127020733432642,-0.29508680029234047,0.0703209823287924,0.35518131610089143,0.9321486963661711,1.024037760284991,0.0,0.0,0.0,1.0,0.2349238149077335,0.20878267500174688,0.1,tv
0.8927352178383448,0.3928647634443973,-0.22063795791953145,-0.43679474635612814,-0.41554960925058,0.9071662099115856,-0.06609076975145074,0.04827888060889175,0.17419056542423142,0.15068757493047247,0.9731140229586458,0.9938728790908686,0.0,0.0,0.0,1.0,0.0665443149992633,0.034251960718114864,0.1,mouse
0.6421983209647366,0.5192443960287334,-0.5638852487366816,-0.7567818460725448,-0.5184928593404101,0.8360575791017874,0.1793679994855952,0.32381329786140695,0.5645763645097791,0.1771806468529074,0.8061392851224325,0.6127852943362002,0.0,0.0,0.0,1.0,0.0578666954561422,0.06385536098176067,0.1,cup
0.8695385591060306,0.44241278974626214,-0.21948489172774044,-0.4488688719577225,-0.4659083489432914,0.8822589846099631,-0.06744252708739036,0.049646351060532945,0.16380508115667372,0.16090372134890749,0.9732820186581733,0.9827819932941664,0.0,0.0,0.0,1.0,0.06997357231965895,0.03779827623304302,0.1,mouse
0.9232237317385869,0.38287007664577377,0.03268708558340825,-0.13934876439707228,-0.38266548841582027,0.9238017388213242,-0.012548757953664046,0.12309680840638856,-0.035000930418482595,-0.0009229084229986425,0.9993868535806759,0.7072264384361429,0.0,0.0,0.0,1.0,0.19159790622009681,0.1281160054140424,0.1,keyboard
0.6149334718799998,0.5560225054381583,-0.5591920945505959,-0.7769031320604134,-0.5632681556256822,0.8059814067686951,0.18199713404665852,0.3324292956671402,0.5518929334750099,0.20305897022645483,0.8088147158595224,0.626033284573182,0.0,0.0,0.0,1.0,0.055881127707081646,0.06400510118660485,0.1,cup
0.8291730053814671,0.5240771777378292,-0.19446140727922717,-0.38279628953571776,-0.515318793406107,0.8514482696284356,0.09737754006554732,0.23873476428380477,0.21660717511001282,0.019466790210380797,0.9760647395381955,0.7606151031588584,0.0,0.0,0.0,1.0,0.32413614577488925,0.17162749270575955,0.1,keyboard
0.8585711743546613,0.46957565315244637,-0.20580146873555372,-0.4419812115353748,-0.49090410963018294,0.8687242600399199,-0.06581272799611813,0.05402025796237475,0.14788067390790113,0.15753369793332198,0.9763782260476715,0.9858312974229324,0.0,0.0,0.0,1.0,0.0652321094572999,0.036952479749496836,0.1,mouse
0.6075008132092918,0.5773093008195898,-0.5455792638446275,-0.7573050938156649,-0.5875300128263324,0.7888185339045752,0.18048214481473301,0.3282881929819092,0.5345570558680699,0.21090114213970754,0.8183944417368852,0.6113375917502624,0.0,0.0,0.0,1.0,0.054164452421364695,0.0636113157410996,0.1,cup
0.7298106844595827,0.42248113001523463,-0.5374812179320182,-0.5911809337174134,-0.5633972065053643,0.8170091171079349,-0.12279939032611076,0.0437867973036412,0.3872466301345786,0.39243572383711833,0.8342866714180742,0.38355522825989347,0.0,0.0,0.0,1.0,0.2052639628824463,0.19122958839410906,0.1,tv
0.9047537625044696,0.40113317663983605,-0.1432229165770614,-0.3672805927459713,-0.42586257122558235,0.845724746567762,-0.3215442791778925,-0.28121474263462143,-0.00785491331216334,0.3519116759099203,0.936000252508048,0.9655075564641789,0.0,0.0,0.0,1.0,0.24797628337294858,0.18656484553016045,0.1,tv
0.8966083019996942,0.4271238952460576,-0.11687057326401731,-0.3455570344892135,-0.4410342017414004,0.8376139073724249,-0.32232247062627256,-0.28763024036495977,-0.03977921165069773,0.34054092307112427,0.9393878294050415,0.9908174890819544,0.0,0.0,0.0,1.0,0.24217947287192823,0.18367770197262462,0.1,tv
0.8154129934837349,0.5478646089860295,-0.18693854679674693,-0.38607840335874277,-0.5396723558724886,0.8362808719993261,0.09689195753562158,0.24128653457866456,0.20941680535461465,0.021878604814559763,0.9775816734608089,0.7673346569246132,0.0,0.0,0.0,1.0,0.32578745135734305,0.17592077146597912,0.1,keyboard
0.8476109998952335,0.4935130311684527,-0.1949371204350991,-0.438985122329931,-0.5135277111568366,0.8554363856115784,-0.06721517719845393,0.05426190262139481,0.13358473988679645,0.15707793682985788,0.9785099074770026,0.9918777892611391,0.0,0.0,0.0,1.0,0.0668967778420399,0.03783179581805879,0.1,mouse
0.7269511012922395,0.4424347440600211,-0.5251605407668628,-0.6000761999184732,-0.5816937085464077,0.8031870681636937,-0.12854167795752836,0.039687351102941776,0.36493085066561176,0.398926096894091,0.8412392308073365,0.40076128431364577,0.0,0.0,0.0,1.0,0.2080568377155516,0.19247686875155856,0.1,tv
0.8242161275175669,0.5332554075571116,-0.1905425030040402,-0.4448832397957957,-0.5533936630499574,0.8298615246401977,-0.07131131479643854,0.0528743303695178,0.12009674781648393,0.16422094943382004,0.9790854155439956,0.9841851812666367,0.0,0.0,0.0,1.0,0.0690928874279223,0.04117575936459612,0.1,mouse
0.8118091502309962,0.5547118052575577,-0.18237520859242135,-0.4428959983834557,-0.5738844416818649,0.8156041475231774,-0.07380055649170456,0.052339763965556396,0.10780793661285763,0.16457426181178067,0.9804553845802397,0.9836370649333553,0.0,0.0,0.0,1.0,0.06735462152067118,0.04039732865535155,0.1,mouse
0.865888292091875,0.4856824607033465,-0.11979153969858648,-0.3394710579212017,-0.49573254478316303,0.8010580183994165,-0.33549261571726047,-0.21237878902721244,-0.06698290573739654,0.34988369285112797,0.9343953616193911,0.7377963178811987,0.0,0.0,0.0,1.0,0.2045655299413005,0.16411853288420408,0.1,tv
0.8523443958014513,0.51022556701125,-0.11479939770707531,-0.3342526774254908,-0.5173906918380545,0.7906580365849343,-0.32736331679495767,-0.17919981545818633,-0.07626206753818156,0.33842242826341296,0.937898905587962,0.6779887143814871,0.0,0.0,0.0,1.0,0.17340527148557253,0.14446352679996471,0.1,tv
0.7990216752312852,0.5763927977591632,-0.17127669194013212,-0.4366738196243771,-0.5939172458231754,0.8010200213768229,-0.07502819781447354,0.05366928277286023,0.09395034659012383,0.16167333745809262,0.9823619823317458,0.985298453344275,0.0,0.0,0.0,1.0,0.06790333259169873,0.04159171306961751,0.1,mouse
0.5553523877981068,0.654217947592912,-0.5134029629971557,-0.7499821013385056,-0.6825357644719535,0.7112693925983075,0.16804993713036728,0.32268820454979386,0.4751090986117051,0.2570889499767585,0.84153230253878,0.607908224595672,0.0,0.0,0.0,1.0,0.050609210152148365,0.0629305490275141,0.1,cup
0.7753715426168717,0.6083462770156317,-0.1694514034794437,-0.44431769703497437,-0.6261698590411221,0.7754323940522612,-0.08133824366680244,0.05078782519460083,0.08191628976189112,0.16917272089671917,0.9821763140984651,0.9822165347656494,0.0,0.0,0.0,1.0,0.06902255872668689,0.04378023098442893,0.1,mouse
0.8270754940408354,0.5438922673918197,-0.14187081669072488,-0.36809365151564477,-0.5579459620536925,0.7638010062958946,-0.32450628069323734,-0.16365225155452104,-0.0681353842367351,0.3475474417295628,0.9351835890145574,0.6509083158670653,0.0,0.0,0.0,1.0,0.15581767663732357,0.15183616720695448,0.1,tv
0.7607180007433803,0.628355517016734,-0.16271898346421468,-0.44210048577501576,-0.6453793150396916,0.7589652932160246,-0.08635521647481516,0.04875848651883455,0.0692362843016067,0.17070743372257297,0.9828862136625788,0.9807371934061309,0.0,0.0,0.0,1.0,0.06612076016144475,0.043727181846221985,0.1,mouse
0.8121115798538489,0.5650381717268914,-0.14562501968692676,-0.3697518123279193,-0.5787376548135426,0.7481643178660281,-0.32451946069994303,-0.14055863268158825,-0.07441443924539615,0.34782469429813767,0.93460177255781,0.5943519539602058,0.0,0.0,0.0,1.0,0.13157581146315012,0.14344240910254408,0.1,tv
0.6786745820547597,0.5710287404541802,-0.4618733476269334,-0.5396868151496871,-0.6985094233881894,0.6961485698667808,-0.16571588369958765,0.04924055859514451,0.2269039380678452,0.4350900438389148,0.8713272959350894,0.3071647164047328,0.0,0.0,0.0,1.0,0.17322246405327052,0.1446285489032733,0.1,tv
0.7863875713664307,0.4743183097059897,-0.39574831481392275,-0.6040105123597743,-0.6177128080413062,0.6090313936886069,-0.4975054253809071,-0.30477065548816673,0.005047215284809708,0.6356908860282375,0.771927213562589,0.4521045717883219,0.0,0.0,0.0,1.0,0.08787751727224194,0.07762052041420642,0.1,tv
0.7922341993890755,0.5911573854092966,-0.15132058351194252,-0.37280531426089714,-0.6047465982382694,0.727478363714014,-0.32412463998780144,-0.11808117009059671,-0.0815262242324005,0.3482932327852854,0.9338336568995483,0.542861023871265,0.0,0.0,0.0,1.0,0.11582124288982526,0.14680719114932442,0.1,tv
0.6807185784036494,0.7072761166677121,-0.19074252752743903,-0.4406440745251532,-0.7113219417317038,0.7004185071911383,0.058608958318469885,0.22475179170450804,0.1750523128300606,0.09578313826336333,0.9798889111512938,0.7554311039611834,0.0,0.0,0.0,1.0,0.287119502071577,0.14112701292610738,0.1,keyboard
0.7404853291021735,0.653554553709558,-0.15667776712075826,-0.44024670539029676,-0.6696286511734431,0.7373267757359399,-0.08914423879577743,0.05034177020401755,0.057262089658702546,0.17092592286819416,0.9836185144554646,0.9802892315772236,0.0,0.0,0.0,1.0,0.06854092975245957,0.04486652051300316,0.1,mouse
0.45830776631374337,0.38905479004074844,-0.7991184903897898,-2.020463290171832,-0.7543448697360872,0.6457409916728144,-0.11824715293086865,-0.09974791703732755,0.4700189451919498,0.6570045220694906,0.5894295964242782,1.043843766075946,0.0,0.0,0.0,1.0,0.20232772640564223,0.1340700941029762,0.1,chair
0.7705864366822979,0.49938664239917674,-0.39599182440368125,-0.5838619965042322,-0.6371144166568624,0.5872223486275303,-0.4992545777059568,-0.2683280840478548,-0.016785818099366374,0.6370109062375967,0.7706720065274791,0.3981719674546981,0.0,0.0,0.0,1.0,0.0842515752235318,0.0741102485657057,0.1,tv
0.649279913497177,0.6214507304465516,-0.43844564492824595,-0.5361295350593563,-0.7412643134996043,0.6460762706510078,-0.18196887105668832,0.051461331432481563,0.1701846393217038,0.44315284285349305,0.880143594199156,0.30910299354811727,0.0,0.0,0.0,1.0,0.17765028424183787,0.13553849307828145,0.1,tv
0.6252343323140992,0.7452257699984052,-0.23177700797539605,-0.49184443600088174,-0.7517165183108859,0.6548800704205752,0.07780982884251937,0.25347457857614625,0.2097720329174082,0.12558122907595223,0.9696520247539686,0.7524937734749308,0.0,0.0,0.0,1.0,0.2373548225057838,0.14739288350312307,0.1,keyboard
0.7147469375965922,0.6822130134678097,-0.15402019170051506,-0.44386125231810203,-0.6979698315014822,0.7097840682671713,-0.09510357904882637,0.04995133398429982,0.04444017900600729,0.17547643912865857,0.9834800912070565,0.9846787210975938,0.0,0.0,0.0,1.0,0.06712664770413063,0.044844291119700785,0.1,mouse
0.7655164869812197,0.6230271209612348,-0.16069136475457296,-0.37632908147608546,-0.6377291543692069,0.7015736756915427,-0.3179558196419663,-0.08406301791692358,-0.08535826748164771,0.3458779902269199,0.934388774573581,0.47980255372427255,0.0,0.0,0.0,1.0,0.09705433682648479,0.12970103258045737,0.1,tv
0.6367432381348768,0.6392644461173623,-0.4311600823589464,-0.5264561293027321,-0.7563485547906447,0.6265769138159204,-0.18798466623376386,0.057481397504498266,0.1499830402266025,0.44580527027299527,0.8824753529936158,0.2920781916230695,0.0,0.0,0.0,1.0,0.17157027944355452,0.1270983718212453,0.1,tv
0.7462905164934727,0.6435519430362178,-0.16997459106058915,-0.3733178760114873,-0.6594861285406282,0.680308995019649,-0.3197776064045905,-0.05288068843766178,-0.09015825671783992,0.35074288005555265,0.9321217306961233,0.3998765701559373,0.0,0.0,0.0,1.0,0.07831187658334457,0.11370177075931198,0.1,tv
0.6326078359494605,0.7519935665828801,-0.18523768977532612,-0.4341138289677494,-0.7583655483705986,0.6499975930039471,0.048834661190965245,0.2260190871481685,0.15712740352943436,0.10958469285002638,0.9814795841753733,0.6992816215809508,0.0,0.0,0.0,1.0,0.2685775856471633,0.1369741498631556,0.1,keyboard
0.606153913634714,0.7738931817770626,-0.1834850843646255,-0.428274404543855,-0.7807943981246386,0.6229410803498582,0.04800539833950653,0.2304779616640573,0.1514514471456207,0.114165465932241,0.9818496348962867,0.6628083675290714,0.0,0.0,0.0,1.0,0.25639407031149797,0.12255245680416296,0.1,keyboard
0.6250112178399688,0.65606239836373,-0.4230166746446639,-0.5019311208382552,-0.77149210824476,0.6017555401138165,-0.20661606147244324,0.06325296740985294,0.1189995986978713,0.4554913823504891,0.8822509258222324,0.24502289986804893,0.0,0.0,0.0,1.0,0.1608790627996411,0.11048519563499326,0.1,tv
0.6551643089346829,0.740887229407264,-0.147803388321673,-0.43390238378099477,-0.7553852713666045,0.6456190090992987,-0.11211238509656606,0.05774534807719689,0.012362042733322318,0.18510053590108133,0.9826418327694949,0.9162644892345906,0.0,0.0,0.0,1.0,0.06451672834018157,0.04535943794369124,0.1,mouse
0.606015616766115,0.6715464057549901,-0.426345513818475,-0.4842531643984595,-0.7885219388799429,0.5777589067722747,-0.21077902540414595,0.08018385437748665,0.1047770210523319,0.46391817227056353,0.879659994143498,0.19855191237570657,0.0,0.0,0.0,1.0,0.14842354373582672,0.0982578177782166,0.1,tv
0.5471620505678575,0.8083968995739812,-0.21704410422204937,-0.4413718046820594,-0.8212223697468424,0.568620264452536,0.047590064943309855,0.24916325113332385,0.16188733689130164,0.1522019960877731,0.9750010474564321,0.5717913830458328,0.0,0.0,0.0,1.0,0.19665395694318355,0.11659214655301253,0.1,keyboard
0.5967164205828042,0.6798043706138686,-0.42637487156389514,-0.4516796684445882,-0.798473904818736,0.5558502697340891,-0.23123559622182013,0.09991812408810344,0.07980561841353163,0.4784312859030255,0.8744910336526106,0.1324660131644288,0.0,0.0,0.0,1.0,0.12696316162823243,0.0838843988266633,0.1,tv
0.530130892561072,0.8149699520579321,-0.2340624147425064,-0.4478065323431578,-0.8296718640098127,0.5555239090091053,0.0551161010025777,0.2637363755070802,0.17494523378155846,0.16497625211507044,0.9706580249579048,0.5501442104143145,0.0,0.0,0.0,1.0,0.18198797596379224,0.11625564864512968,0.1,keyboard
0.41000286297423355,0.4516173893488226,-0.7924262653336812,-1.9572244764068718,-0.8478322970286597,0.5090267869199329,-0.14856690853980928,-0.10352949217226104,0.33627079633539203,0.73275743860825,0.5915982485574462,0.9994856020338513,0.0,0.0,0.0,1.0,0.19288808055776296,0.12223108183016584,0.1,chair
0.5345212282447613,0.8111058365080026,-0.23747500613404562,-0.44364867371563466,-0.8254717857855665,0.5613278185662187,0.05922339888657185,0.2731639937128225,0.18133777165196321,0.16437275347922917,0.9695866183513245,0.5368462493383761,0.0,0.0,0.0,1.0,0.17292638829781984,0.11932766444196506,0.1,keyboard
0.42247962468488687,0.44916668973644586,-0.7872485322674921,-1.8788928175229742,-0.8430174643248471,0.5137620619011638,-0.1592799378276181,-0.10713815801988377,0.3329151867509535,0.730956789818843,0.5957093669301412,0.9607887589889439,0.0,0.0,0.0,1.0,0.1830712244611009,0.11829373365144735,0.1,chair
0.5686583190671961,0.5800244023982262,-0.583266156037063,-0.7583650007884561,-0.8126052586821306,0.506177313216577,-0.28888963489020336,-0.030948525590529602,0.12767305791676933,0.6382446397796286,0.759172819636447,0.39283813230279946,0.0,0.0,0.0,1.0,0.1919986704400083,0.11447422725303683,0.1,tv
0.5422145087597641,0.8045862601859155,-0.24216601002298044,-0.4418657620934854,-0.8199083813711593,0.5696615835282574,0.0568852037827415,0.2776658490171551,0.18372172611788054,0.16770995847629558,0.9685657939345916,0.529876204005618,0.0,0.0,0.0,1.0,0.16753593138433936,0.11775260890173926,0.1,keyboard
0.4288429098435919,0.44367031118093614,-0.786924655639593,-1.8492296512113964,-0.8379171866885657,0.5209073034446173,-0.16294284111300072,-0.10280062012534313,0.3376218993619937,0.7292545757104775,0.5951463827299391,0.9407475890371004,0.0,0.0,0.0,1.0,0.1772705852883263,0.11681740196137025,0.1,chair
0.43840238744601423,0.440508077645426,-0.7834257975142038,-1.8334888407422043,-0.8314098765967534,0.529870677137412,-0.16731611580272815,-0.10104609984284649,0.3414102572844089,0.7246997302601071,0.5985393363697342,0.9451050999717189,0.0,0.0,0.0,1.0,0.17601318611365455,0.11789500321781432,0.1,chair
0.6059401885835742,0.6574415998475708,-0.4478917622028443,-0.4792227029513648,-0.7896954715852353,0.5650629244140339,-0.23892457724234342,0.11003986890220196,0.09600807266618352,0.4984720997633936,0.8615729892124048,0.19373463865105195,0.0,0.0,0.0,1.0,0.13265570191563958,0.10100311131146657,0.1,tv
0.44526229396006267,0.4357171990130737,-0.7822352664394671,-1.9105215744139894,-0.8263017702059836,0.5364756417107728,-0.1715204664332278,-0.12001688848795708,0.34491574932420854,0.7227339817216398,0.5989062677355312,1.0090212454105034,0.0,0.0,0.0,1.0,0.18696731764369257,0.12553683763853818,0.1,chair
0.5615094889128982,0.788963188261661,-0.24948783823820125,-0.43793062220970147,-0.8070590020644407,0.5887271753827842,0.045344020030847025,0.28579400752949874,0.1826550329104709,0.17589030824296017,0.9673157387423567,0.5249179127873097,0.0,0.0,0.0,1.0,0.168711222601401,0.11695013719205782,0.1,keyboard
0.6153085636907378,0.6506505210839273,-0.44502726979597007,-0.46938462941489295,-0.7829844775024724,0.5698260462927864,-0.24946660088378894,0.11467786940985142,0.09127255578223739,0.5019483801941641,0.8600681043855964,0.18363462992113405,0.0,0.0,0.0,1.0,0.13090060490684977,0.10081884605137416,0.1,tv
0.4506717771139856,0.4295542509601041,-0.7825459058707201,-1.8386998819186362,-0.8218968625858896,0.54178537346423,-0.17593793329380705,-0.10546744755559284,0.34839703871358224,0.7224622859238596,0.5972166682480303,0.9509399369959965,0.0,0.0,0.0,1.0,0.18043847267384186,0.12030549630196996,0.1,chair
0.6227071940624426,0.6499912611586764,-0.43559971404976017,-0.4625669727039444,-0.7773425020889307,0.5774433576991376,-0.2495952785916966,0.12246766237244178,0.08929941158260965,0.49403494721173236,0.8648439662878504,0.18667294335336998,0.0,0.0,0.0,1.0,0.13345241934229268,0.1098603488058346,0.1,tv
0.5850753713113752,0.7730083097021027,-0.2452447002818911,-0.43008367621039173,-0.7943032676883851,0.6072239858057967,0.019009208338991293,0.2838558340413589,0.16361274040981671,0.1836768471898941,0.969274825311155,0.5258097153505571,0.0,0.0,0.0,1.0,0.1741990685066151,0.12041961890097339,0.1,keyboard
0.6341076972032993,0.6430227547619412,-0.4294521687055421,-0.4265002835747762,-0.7695498801272542,0.5790273145679057,-0.2692960285269877,0.1424657993648434,0.07550106187105929,0.5012475494629814,0.8620037609046137,0.12209342622263636,0.0,0.0,0.0,1.0,0.11712251940976882,0.0950137116590827,0.1,tv
0.5924801720713841,0.7678348627785332,-0.24371472914892509,-0.42926449009393874,-0.7904668390524239,0.6124537786056651,0.007908566881052523,0.2836913702501586,0.15533648013500323,0.1879627425143444,0.9698147170288528,0.5272729348918066,0.0,0.0,0.0,1.0,0.1769975958610752,0.11981889608238314,0.1,keyboard
0.6400929471810533,0.6411652377586009,-0.42330622114378397,-0.4253175209072444,-0.7652824210355024,0.5808425069081339,-0.27742530205933724,0.14631664882532994,0.06799878692383775,0.5015267889740599,0.8624656775305642,0.12409652632271201,0.0,0.0,0.0,1.0,0.11957693855138128,0.09977665766407597,0.1,tv
0.029142766619338366,0.7635797589475112,-0.6450555409260751,-0.7837753636586744,-0.6817297946283047,0.4871348226525012,0.5458426070538701,0.749260147757542,0.7310233828475122,0.423846217731121,0.5347515286983318,0.18012848128922943,0.0,0.0,0.0,1.0,0.07301160409977309,0.033404637782746605,0.1,remote
0.6015028645912097,0.5528601971022411,-0.5766627318880941,-0.5868758071491196,-0.7865519620976761,0.5361292392003362,-0.3064334345249627,0.08520579131623374,0.13975090271216373,0.6378957919084746,0.7573365459665838,0.19177987759165582,0.0,0.0,0.0,1.0,0.12592637054809566,0.0819476985082149,0.1,tv
0.5990086038643203,0.7622397593218122,-0.24531457723817254,-0.42908597192502823,-0.7873037093965215,0.6165282769099354,-0.006764092026537294,0.28081395255334773,0.1460875137272014,0.1971888259498786,0.9694199323582702,0.5144673879943333,0.0,0.0,0.0,1.0,0.173786720435401,0.12074698953856586,0.1,keyboard
0.6469601937253442,0.633863901576602,-0.42386207899852624,-0.4111185247085868,-0.7604013306306449,0.5777476069236611,-0.2966437578462211,0.15727300161598518,0.05685353208033593,0.5142219919179561,0.8557706578972661,0.08687192099105134,0.0,0.0,0.0,1.0,0.11018986223891497,0.08881696094264457,0.1,tv
0.46260375473720466,0.418579420186738,-0.7815299323117283,-1.547419553742273,-0.8161068493984209,0.5454482532147215,-0.19093405518658146,-0.03628558192822251,0.3463630703005497,0.726138741605999,0.5939319417835961,0.7181268854025078,0.0,0.0,0.0,1.0,0.14791714466473949,0.10300741193607843,0.1,chair
0.4851050984697612,0.7105635714715693,-0.5096787756383538,-0.7131833096850417,-0.8148698393402669,0.5787960621985245,0.031341080342729116,0.3163163204529566,0.31726989830775143,0.400118144153761,0.8597937440728092,0.5351716134719147,0.0,0.0,0.0,1.0,0.04310245941830767,0.05712932319643376,0.1,cup
